elements:
  filename: YAML/S07_FEBE.yaml
  CLA-FEA-SIM-START-01:
    centre: [0.0, 0.0, 48.2978]
    datum: [0.0, 0.0, 48.2978]
    fit_point: 1.0
    global_rotation: [0, 0, 0]
    type: marker
  CLA-S07-MAG-QUAD-11:
    centre: [0.0, 0.0, 49.464511]
    datum: [0.0, 0.0, 49.569511]
    global_rotation: [0, 0, 0]
    k1l: 1.91536
    length: 0.21
    type: quadrupole
  CLA-S07-MAG-HVCOR-08:
    centre: [0.0, 0.0, 49.800701]
    datum: [0.0, 0.0, 49.900701]
    global_rotation: [0, 0, 0]
    length: 0.2
    type: kicker
  CLA-S07-DIA-BPM-08:
    centre: [0.0, 0.0, 50.052196]
    datum: [0.0, 0.0, 50.157196]
    global_rotation: [0, 0, 0]
    length: 0.21
    type: beam_position_monitor
  CLA-S07-DIA-SCR-05:
    centre: [0.0, 0.0, 50.200496]
    datum: [0.0, 0.0, 50.200496]
    global_rotation: [0, 0, 0]
    type: screen
  CLA-S07-DUMP-01-START:
    centre: [0.0, 0.0, 53.997011]
    datum: [0.0, 0.0, 53.997011]
    fit_point: 1.0
    global_rotation: [0, 0, 0]
    type: marker
