elements:
  EBT-SP1-START:
    centre: [-1.25, 0.0, 7.1268]
    datum: [-1.25, 0.0, 7.1268]
    fit_point: 1.0
    global_rotation: [0, 0, 0]
    type: marker
  CLA-C2V-MAG-DIP-02:
    angle: 0.785398
    centre: [-1.25, 0.0, 7.33775723]
    datum: [-1.39916926, 0.0, 7.48692654]
    deltaL: 0.0001
    design_angle: 0.785398
    edge_field_integral: 0.5
    global_rotation: [0, 0, 0]
    half_gap: 0.02
    isr_enable: true
    length: 0.4
    sr_enable: true
    strength: 0
    type: dipole
  EBT-INJ-DIA-BPM-03:
    centre: [-1.65407873, 0.0, 7.74183874]
    datum: [-1.67882747, 0.0, 7.76658748]
    global_rotation: [0, 0, 0.785398]
    length: 0.07
    type: beam_position_monitor
  EBT-INJ-MAG-HVCOR-05:
    centre: [-1.69650767, 0.0, 7.78426767]
    datum: [-1.71418533, 0.0, 7.80194534]
    global_rotation: [0, 0, 0.785398]
    isr_enable: true
    length: 0.05
    sr_enable: true
    type: kicker
  EBT-INJ-MAG-QUAD-05:
    centre: [-1.83085533, 0.0, 7.91861534]
    datum: [-1.86621067, 0.0, 7.95397069]
    global_rotation: [0, 0, 0.785398]
    isr_enable: true
    k1l: -1.597658628810405
    length: 0.1
    sr_enable: true
    type: quadrupole
    smooth: 2
    bore: 0.037
  EBT-INJ-MAG-QUAD-06:
    centre: [-2.04298533, 0.0, 8.13074534]
    datum: [-2.07834067, 0.0, 8.16610069]
    global_rotation: [0, 0, 0.785398]
    isr_enable: true
    k1l: -1.597658628810405
    length: 0.1
    sr_enable: true
    type: quadrupole
    smooth: 2
    bore: 0.037
  EBT-INJ-DIA-YAG-04:
    centre: [-2.75505, 0.0, 8.8428]
    datum: [-2.75505, 0.0, 8.8428]
    global_rotation: [0, 0, 0.785398]
    type: screen
  EBT-INJ-DIA-FCUP-01:
    centre: [-2.82434, 0.0, 8.9121]
    datum: [-2.82434, 0.0, 8.9121]
    fit_point: 1.0
    global_rotation: [0, 0, 0.785398]
    type: marker
